TIME,OPCODE,ACK/NACK,REASON
2023-06-19 13:09:54.696,0xFF,RX
2023-06-19 13:09:54.702,0xFF,RX
2023-06-19 13:09:54.705,0xFF,RX
2023-06-19 13:09:54.712,0xFF,TX,ACK
2023-06-19 13:09:54.714,0xFF,RX
2023-06-19 13:09:54.714,0xFF,TX,ACK
2023-06-19 13:09:54.718,0xFF,TX,ACK
2023-06-19 13:09:54.718,0xFF,RX
2023-06-19 13:09:54.721,0xFF,RX
2023-06-19 13:09:54.725,0xFF,TX,ACK
2023-06-19 13:09:54.726,0xFF,TX,ACK
2023-06-19 13:09:54.732,0xFF,TX,ACK
